Phone(s)
+447307179540
+2347867385186
+447776732278
+447771034841
+447737667849
+447455372541
+2347391799409
+13439877792
+2347490057505
+9647809284145
+447404776049
+18768770853
+447538654131
+14164008137
+17344868792
+447443815826
+447533498146
+447448611154
+447404768056
+447780282708
+447398885479
+447440031765
+2348169059934
+447342262924
+16783589761
+31687276169
+15073825253
+18768770853
+17025289734
+447837594194
+447902084592
+447778238477
+2349014099718
+447769986421
+447776727038
+15073825253
+447448873955
+447909702538
+447765890375
+2348029542656
+447990607262
+447311309184
+2348060039579
+447901194313
+447707935675
+447404040113
+447596199502
+447309266023
+447918395765
+447932989129
+447780169437
+447342970804
+447448370066
+447899713584
+447448491126
+447878851377
+447780463228
+447909492455
+447840261776
+447769833477
+447900896778
+447301130657
+447766620852
+447867813611
+447918705753
+447796552646
+447780141247
+447785181614
+447840781793
+447459334541
+447881453298
+447824022636
+447932072603
+447438273025
+447438230068
+447312653309
+447407831115
+447521792995
+447565069475
+447909809673
+447393153313
+447990919755
+447927518969
+447401103079
+2347804656585
+447487816641
+447979144550
+447957573472
+447717147376
+447823718924
+447388302546
+447931665559
+447772495080
+447508149111
+447840830209
+447384205592
+447852452702
+447769026043
+447733794943
+447775154693
+447831997513
+447877188662
+447736366901
+447404673232
+447521451063
+447463318996
+447394026291
+447704417237
+447939340916
+447721674960
+447774436407
+447448271749
+447966835532
+447379235095
+447459395484
+447432606453
+447765961223
+447983782467
+447466632164
+447733817045
+447788853166
+447823956516
+447898081898
+447769142889
+447833019032
+447563687834
+447879120376
+447553185220
+447404598352
+2348139011503
+447482071594
+447402587428
+447455842845
+447721734092
+447933875441
+447718921992
+447823583804
+447440502663
+447423617628
+447405324578
+447436392930
+447900114892
+447454163846
+447565655953
+447395223335
+447760685861
+2348168807480
+447904266350
+447826981007
+447541977128
+2348136320845
+2348035975279
+447547114887
+447377583619
+447407385338
+447727298967
+447466401696
+447354711849
+447884613840
+447440074568
+2348036271470
+447584351572
+447749176136
+447494280050
+447867378663
+447593131985
+447721767576
+447403454174
+447574933286
+447765284138
+447516177358
+447466392440
+447467412364
+2348034319555
+447733747132
+447766737030
+447407487386
+447405851155
+2348029081981
+447401468768
+447721540529
+447360075930
+447867384316
+447576612178
+447432777281
+447399258641
+447464974503
+447780267483
+447401468768
+447411902072
+447883125370
+447404955646
+447377121027
+447703043588
+447360962371
+447553185335
+18763810315
+18763810315
+447831563029
+447918914068
+447741583522
+447404837104
+447823932020
+447423087873
+447918114476
+447861381659
+447936827896
+447586211795
+447468323346
+447878657124
+447745755360
+447845554966
+447587115026
+447769373561
+447867262695
+447776711699
+447440647720
+447423154045
+447425960618
+447769765795
+447935624661
+447721813210
+447884413391
+447867305533
+447900060786
+447553184901
+447760806027
+447786059457
+2348132791928
+447909461453
+447446460410
+447563757409
+447990750649
+447721898607
+447823958666
+447823674012
+447783157635
+447785439732
+447445711314
+447770120024
+447983327086
+14378782306
+2347368252554
+447493220179
+447417428715
+12404861783
+447704307334
+447440763762
+447823923617
+447922945201
+447780282520
+447407125101
+447770127109
+447436597592
+447506102244
+447831724150
+447467015495